17071954.0312 39296318.2066 9.09494701773e-13
17071954.0312 39303237.862 9.09494701773e-13
17071954.0312 39310157.5173 9.09494701773e-13
17071954.0312 39317077.1726 9.09494701773e-13
17071954.0312 39323996.8279 9.09494701773e-13
17071954.0312 39330916.4832 9.09494701773e-13
17071954.0312 39337836.1385 9.09494701773e-13
17071954.0312 39344755.7938 9.09494701773e-13
17071954.0312 39351675.4492 9.09494701773e-13
17071954.0312 39358595.1045 9.09494701773e-13
17081159.3941 39296318.2066 9.09494701773e-13
17081159.3941 39303237.862 9.09494701773e-13
17081159.3941 39310157.5173 9.09494701773e-13
17081159.3941 39317077.1726 9.09494701773e-13
17081159.3941 39323996.8279 9.09494701773e-13
17081159.3941 39330916.4832 9.09494701773e-13
17081159.3941 39337836.1385 9.09494701773e-13
17081159.3941 39344755.7938 9.09494701773e-13
17081159.3941 39351675.4492 9.09494701773e-13
17081159.3941 39358595.1045 9.09494701773e-13
17090364.7571 39296318.2066 9.09494701773e-13
17090364.7571 39303237.862 9.09494701773e-13
17090364.7571 39310157.5173 9.09494701773e-13
17090364.7571 39317077.1726 9.09494701773e-13
17090364.7571 39323996.8279 9.09494701773e-13
17090364.7571 39330916.4832 9.09494701773e-13
17090364.7571 39337836.1385 9.09494701773e-13
17090364.7571 39344755.7938 9.09494701773e-13
17090364.7571 39351675.4492 9.09494701773e-13
17090364.7571 39358595.1045 9.09494701773e-13
17099570.12 39296318.2066 9.09494701773e-13
17099570.12 39303237.862 9.09494701773e-13
17099570.12 39310157.5173 9.09494701773e-13
17099570.12 39317077.1726 9.09494701773e-13
17099570.12 39323996.8279 9.09494701773e-13
17099570.12 39330916.4832 9.09494701773e-13
17099570.12 39337836.1385 9.09494701773e-13
17099570.12 39344755.7938 9.09494701773e-13
17099570.12 39351675.4492 9.09494701773e-13
17099570.12 39358595.1045 9.09494701773e-13
17108775.4829 39296318.2066 9.09494701773e-13
17108775.4829 39303237.862 9.09494701773e-13
17108775.4829 39310157.5173 9.09494701773e-13
17108775.4829 39317077.1726 9.09494701773e-13
17108775.4829 39323996.8279 9.09494701773e-13
17108775.4829 39330916.4832 9.09494701773e-13
17108775.4829 39337836.1385 9.09494701773e-13
17108775.4829 39344755.7938 9.09494701773e-13
17108775.4829 39351675.4492 9.09494701773e-13
17108775.4829 39358595.1045 9.09494701773e-13
17117980.8459 39296318.2066 9.09494701773e-13
17117980.8459 39303237.862 9.09494701773e-13
17117980.8459 39310157.5173 9.09494701773e-13
17117980.8459 39317077.1726 9.09494701773e-13
17117980.8459 39323996.8279 9.09494701773e-13
17117980.8459 39330916.4832 9.09494701773e-13
17117980.8459 39337836.1385 9.09494701773e-13
17117980.8459 39344755.7938 9.09494701773e-13
17117980.8459 39351675.4492 9.09494701773e-13
17117980.8459 39358595.1045 9.09494701773e-13
17127186.2088 39296318.2066 9.09494701773e-13
17127186.2088 39303237.862 9.09494701773e-13
17127186.2088 39310157.5173 9.09494701773e-13
17127186.2088 39317077.1726 9.09494701773e-13
17127186.2088 39323996.8279 9.09494701773e-13
17127186.2088 39330916.4832 9.09494701773e-13
17127186.2088 39337836.1385 9.09494701773e-13
17127186.2088 39344755.7938 9.09494701773e-13
17127186.2088 39351675.4492 9.09494701773e-13
17127186.2088 39358595.1045 9.09494701773e-13
17136391.5717 39296318.2066 9.09494701773e-13
17136391.5717 39303237.862 9.09494701773e-13
17136391.5717 39310157.5173 9.09494701773e-13
17136391.5717 39317077.1726 9.09494701773e-13
17136391.5717 39323996.8279 9.09494701773e-13
17136391.5717 39330916.4832 9.09494701773e-13
17136391.5717 39337836.1385 9.09494701773e-13
17136391.5717 39344755.7938 9.09494701773e-13
17136391.5717 39351675.4492 9.09494701773e-13
17136391.5717 39358595.1045 9.09494701773e-13
17145596.9346 39296318.2066 9.09494701773e-13
17145596.9346 39303237.862 9.09494701773e-13
17145596.9346 39310157.5173 9.09494701773e-13
17145596.9346 39317077.1726 9.09494701773e-13
17145596.9346 39323996.8279 9.09494701773e-13
17145596.9346 39330916.4832 9.09494701773e-13
17145596.9346 39337836.1385 9.09494701773e-13
17145596.9346 39344755.7938 9.09494701773e-13
17145596.9346 39351675.4492 9.09494701773e-13
17145596.9346 39358595.1045 9.09494701773e-13
17154802.2976 39296318.2066 9.09494701773e-13
17154802.2976 39303237.862 9.09494701773e-13
17154802.2976 39310157.5173 9.09494701773e-13
17154802.2976 39317077.1726 9.09494701773e-13
17154802.2976 39323996.8279 9.09494701773e-13
17154802.2976 39330916.4832 9.09494701773e-13
17154802.2976 39337836.1385 9.09494701773e-13
17154802.2976 39344755.7938 9.09494701773e-13
17154802.2976 39351675.4492 9.09494701773e-13
17154802.2976 39358595.1045 9.09494701773e-13
