1.7072e+07 3.92963e+07 9.09495e-13 : 564.259
1.7072e+07 3.93032e+07 9.09495e-13 : 2620.34
1.7072e+07 3.93102e+07 9.09495e-13 : 2926.02
1.7072e+07 3.93171e+07 9.09495e-13 : 3037.45
1.7072e+07 3.9324e+07 9.09495e-13 : 2980.12
1.7072e+07 3.93309e+07 9.09495e-13 : 2796.91
1.7072e+07 3.93378e+07 9.09495e-13 : 2704.75
1.7072e+07 3.93448e+07 9.09495e-13 : 2416.48
1.7072e+07 3.93517e+07 9.09495e-13 : 2303.24
1.7072e+07 3.93586e+07 9.09495e-13 : 1856.39
1.70812e+07 3.92963e+07 9.09495e-13 : 2987.7
1.70812e+07 3.93032e+07 9.09495e-13 : 6167.95
1.70812e+07 3.93102e+07 9.09495e-13 : 5094.01
1.70812e+07 3.93171e+07 9.09495e-13 : 5990.82
1.70812e+07 3.9324e+07 9.09495e-13 : 2972.03
1.70812e+07 3.93309e+07 9.09495e-13 : 3299.65
1.70812e+07 3.93378e+07 9.09495e-13 : 3087.65
1.70812e+07 3.93448e+07 9.09495e-13 : 2991.36
1.70812e+07 3.93517e+07 9.09495e-13 : 2583.91
1.70812e+07 3.93586e+07 9.09495e-13 : 2093.37
1.70904e+07 3.92963e+07 9.09495e-13 : 2756.33
1.70904e+07 3.93032e+07 9.09495e-13 : 6373.36
1.70904e+07 3.93102e+07 9.09495e-13 : 5673.34
1.70904e+07 3.93171e+07 9.09495e-13 : 6407.68
1.70904e+07 3.9324e+07 9.09495e-13 : 7134.27
1.70904e+07 3.93309e+07 9.09495e-13 : 4982.64
1.70904e+07 3.93378e+07 9.09495e-13 : 1585.21
1.70904e+07 3.93448e+07 9.09495e-13 : 3227.61
1.70904e+07 3.93517e+07 9.09495e-13 : 2928.5
1.70904e+07 3.93586e+07 9.09495e-13 : 2295.01
1.70996e+07 3.92963e+07 9.09495e-13 : 3113.57
1.70996e+07 3.93032e+07 9.09495e-13 : 5979.09
1.70996e+07 3.93102e+07 9.09495e-13 : 5970.38
1.70996e+07 3.93171e+07 9.09495e-13 : 6173.58
1.70996e+07 3.9324e+07 9.09495e-13 : 5782.02
1.70996e+07 3.93309e+07 9.09495e-13 : 5026.89
1.70996e+07 3.93378e+07 9.09495e-13 : 6507.94
1.70996e+07 3.93448e+07 9.09495e-13 : 4096.51
1.70996e+07 3.93517e+07 9.09495e-13 : 5603.87
1.70996e+07 3.93586e+07 9.09495e-13 : 1926.14
1.71088e+07 3.92963e+07 9.09495e-13 : 3398.03
1.71088e+07 3.93032e+07 9.09495e-13 : 7693.86
1.71088e+07 3.93102e+07 9.09495e-13 : 6966.86
1.71088e+07 3.93171e+07 9.09495e-13 : 8114.03
1.71088e+07 3.9324e+07 9.09495e-13 : 6510.42
1.71088e+07 3.93309e+07 9.09495e-13 : 6043.82
1.71088e+07 3.93378e+07 9.09495e-13 : 6249
1.71088e+07 3.93448e+07 9.09495e-13 : 5223.97
1.71088e+07 3.93517e+07 9.09495e-13 : 3696.9
1.71088e+07 3.93586e+07 9.09495e-13 : 2805.33
1.7118e+07 3.92963e+07 9.09495e-13 : 3375.66
1.7118e+07 3.93032e+07 9.09495e-13 : 3555.44
1.7118e+07 3.93102e+07 9.09495e-13 : 7813.11
1.7118e+07 3.93171e+07 9.09495e-13 : 6778.54
1.7118e+07 3.9324e+07 9.09495e-13 : 5545.95
1.7118e+07 3.93309e+07 9.09495e-13 : 6303.23
1.7118e+07 3.93378e+07 9.09495e-13 : 7431.91
1.7118e+07 3.93448e+07 9.09495e-13 : 5369.31
1.7118e+07 3.93517e+07 9.09495e-13 : 2782.6
1.7118e+07 3.93586e+07 9.09495e-13 : 2986.06
1.71272e+07 3.92963e+07 9.09495e-13 : 3078.25
1.71272e+07 3.93032e+07 9.09495e-13 : 5893.3
1.71272e+07 3.93102e+07 9.09495e-13 : 4756.28
1.71272e+07 3.93171e+07 9.09495e-13 : 5199.22
1.71272e+07 3.9324e+07 9.09495e-13 : 6684.74
1.71272e+07 3.93309e+07 9.09495e-13 : 4793.63
1.71272e+07 3.93378e+07 9.09495e-13 : 6140.14
1.71272e+07 3.93448e+07 9.09495e-13 : 5636.55
1.71272e+07 3.93517e+07 9.09495e-13 : 3307.12
1.71272e+07 3.93586e+07 9.09495e-13 : 2967.35
1.71364e+07 3.92963e+07 9.09495e-13 : 2920.88
1.71364e+07 3.93032e+07 9.09495e-13 : 3567.92
1.71364e+07 3.93102e+07 9.09495e-13 : 4997.48
1.71364e+07 3.93171e+07 9.09495e-13 : 5652.81
1.71364e+07 3.9324e+07 9.09495e-13 : 8817.36
1.71364e+07 3.93309e+07 9.09495e-13 : 5409.19
1.71364e+07 3.93378e+07 9.09495e-13 : 6521.75
1.71364e+07 3.93448e+07 9.09495e-13 : 3297.02
1.71364e+07 3.93517e+07 9.09495e-13 : 3017.43
1.71364e+07 3.93586e+07 9.09495e-13 : 2701.56
1.71456e+07 3.92963e+07 9.09495e-13 : 2220.92
1.71456e+07 3.93032e+07 9.09495e-13 : 1553.77
1.71456e+07 3.93102e+07 9.09495e-13 : 3801.09
1.71456e+07 3.93171e+07 9.09495e-13 : 3892.85
1.71456e+07 3.9324e+07 9.09495e-13 : 5157.98
1.71456e+07 3.93309e+07 9.09495e-13 : 4995.87
1.71456e+07 3.93378e+07 9.09495e-13 : 3011.41
1.71456e+07 3.93448e+07 9.09495e-13 : 2934.01
1.71456e+07 3.93517e+07 9.09495e-13 : 2587.37
1.71456e+07 3.93586e+07 9.09495e-13 : 2306.23
1.71548e+07 3.92963e+07 9.09495e-13 : 1818.95
1.71548e+07 3.93032e+07 9.09495e-13 : 2029.99
1.71548e+07 3.93102e+07 9.09495e-13 : 2639.66
1.71548e+07 3.93171e+07 9.09495e-13 : 2956.06
1.71548e+07 3.9324e+07 9.09495e-13 : 2897.32
1.71548e+07 3.93309e+07 9.09495e-13 : 798.042
1.71548e+07 3.93378e+07 9.09495e-13 : 2285.16
1.71548e+07 3.93448e+07 9.09495e-13 : 2074.11
1.71548e+07 3.93517e+07 9.09495e-13 : 1954.42
1.71548e+07 3.93586e+07 9.09495e-13 : 1672.42
